[CalibrationMethod]
SourceFile = G:/ViconData/BeMoveD_patients/P1589/New Session/walk 35kmh01.1.c3d
SourceType = File
Subject = NA
Session = NA
Method = Regression
SourceFrame = NA
MarkerBasedRegressionAlgorithm  = Harrington
MarkersUsed = RASIS LASIS RLEK LLEK RLM LLM RPSIS LPSIS XIPH RSHO LSHO RLEE LLEE RMEE LMEE RLW LLW RMW LMW C7 T10 JN THEAD RHEAD LHEAD RMT2 LMT2 RHEE LHEE RMT5 LMT5 RMEK LMEK RMM LMM FHEAD RDELT LDELT RFRM LFRM RFIN LFIN RLTHI LLTHI RLSHA LLSHA

;Coordinate frames of the segments. 
;Note that the flexion axis is generally fixed in the proximal segment axis. 
[CoordinateFrames]
Pelvis.Origin = -3.09746e-12 0.97194 -1.29305e-11
Pelvis.X = -0.0118712 -0.020406 -0.999721
Pelvis.Y = -0.997864 -0.0639826 0.0131552
Pelvis.Z = -0.0642333 0.997742 -0.0196029
Abdomen.Origin = -0.00140556 1.01202 0.0883204
Abdomen.X = -0.03218 0.30626 -0.951404
Abdomen.Y = -0.997537 -0.0691996 0.0114647
Abdomen.Z = -0.0623256 0.94943 0.307732
Thorax.Origin = -0.0103338 1.14803 0.132403
Thorax.X = 0.0434153 0.122773 -0.991485
Thorax.Y = -0.998998 -0.00548196 -0.0444231
Thorax.Z = -0.0108892 0.99242 0.122412
Head.Origin = -0.035281 1.46846 0.185668
Head.X = 0.0220358 0.013896 -0.999661
Head.Y = -0.988753 -0.147645 -0.0238478
Head.Z = -0.147926 0.988943 0.0104862
RUpperArm.Origin = 0.130056 1.41485 0.163062
RUpperArm.X = -0.0131553 -0.0637506 -0.997879
RUpperArm.Y = -0.92103 -0.387739 0.0369134
RUpperArm.Z = -0.38927 0.919562 -0.0536153
LUpperArm.Origin = -0.19069 1.3883 0.179745
LUpperArm.X = -0.0131464 -0.0735561 -0.997204
LUpperArm.Y = -0.967836 0.251516 -0.00579309
LUpperArm.Z = 0.251239 0.965054 -0.0744967
RForeArm.Origin = 0.254375 1.12118 0.180185
RForeArm.X = -0.0117527 0.45291 -0.891479
RForeArm.Y = -0.905819 -0.382417 -0.182343
RForeArm.Z = -0.423502 0.805376 0.414748
LForeArm.Origin = -0.275278 1.06339 0.204826
LForeArm.X = -0.0114146 0.50019 -0.865841
LForeArm.Y = -0.960663 0.234802 0.148308
LForeArm.Z = 0.277483 0.833474 0.477833
RHand.Origin = 0.36962 0.902014 0.0673217
RHand.X = -0.0117527 0.45291 -0.891479
RHand.Y = -0.905819 -0.382417 -0.182343
RHand.Z = -0.423502 0.805376 0.414748
LHand.Origin = -0.351045 0.835804 0.074353
LHand.X = -0.0114146 0.50019 -0.865841
LHand.Y = -0.960663 0.234802 0.148308
LHand.Z = 0.277483 0.833474 0.477833
RFemur.Origin = 0.128183 0.867171 0.053393
RFemur.X = 0.140551 -0.112068 -0.98371
RFemur.Y = -0.990068 -0.0127716 -0.140005
RFemur.Z = 0.00312656 0.993618 -0.11275
LFemur.Origin = -0.112309 0.851751 0.0565635
LFemur.X = -0.136998 -0.0834276 -0.987052
LFemur.Y = -0.98948 -0.0352361 0.140313
LFemur.Z = -0.0464858 0.995891 -0.0777227
RShank.Origin = 0.127036 0.502449 0.0947796
RShank.X = 0.184247 -0.0351381 -0.982252
RShank.Y = -0.97746 -0.111359 -0.179365
RShank.Z = -0.103081 0.993159 -0.0548638
LShank.Origin = -0.09557 0.493134 0.0845511
LShank.X = -0.146542 -0.0703656 -0.986699
LShank.Y = -0.984803 0.104369 0.138817
LShank.Z = 0.0932131 0.992046 -0.0845907
RFoot.Origin = 0.168651 0.0878089 0.116156
RFoot.X = 0.0073899 0.997901 0.06434
RFoot.Y = -0.99981 0.00853515 -0.0175433
RFoot.Z = -0.0180556 -0.0641981 0.997774
LFoot.Origin = -0.13338 0.0762551 0.11821
LFoot.X = -0.0115662 0.998064 0.0611128
LFoot.Y = -0.999798 -0.010537 -0.017136
LFoot.Z = -0.0164589 -0.0612987 0.997984
RToe.Origin = 0.178235 0.0274708 0.0336564
RToe.X = 0.0073899 0.997901 0.06434
RToe.Y = -0.99981 0.00853515 -0.0175433
RToe.Z = -0.0180556 -0.0641981 0.997774
LToe.Origin = -0.129035 0.026448 0.0322196
LToe.X = -0.0115662 0.998064 0.0611128
LToe.Y = -0.999798 -0.010537 -0.017136
LToe.Z = -0.0164589 -0.0612987 0.997984

; position and direction of joints for each DoF
[Joint directions]
PelvisX.Position = 0 0 0
PelvisX.Direction = 0 0 0
PelvisY.Position = 0 0 0
PelvisY.Direction = 0 0 0
PelvisZ.Position = 0 0 0
PelvisZ.Direction = 0 0 0
PelvisYaw.Position = 0 0 0
PelvisYaw.Direction = 0 0 0
PelvisForwardPitch.Position = 0 0 0
PelvisForwardPitch.Direction = 0 0 0
PelvisRightRoll.Position = 0 0 0
PelvisRightRoll.Direction = 0 0 0
TrunkFlexion.Position = -0.00140556 1.01202 0.0883204
TrunkFlexion.Direction = -0.997864 -0.0639827 0.0131552
TrunkRightBend.Position = -0.00140556 1.01202 0.0883204
TrunkRightBend.Direction = -0.0321795 0.306255 -0.95139
TrunkLeftTwist.Position = -0.00140556 1.01202 0.0883204
TrunkLeftTwist.Direction = -0.0623256 0.949429 0.307732
HeadFlexion.Position = -0.035281 1.46846 0.185668
HeadFlexion.Direction = -0.998998 -0.00548197 -0.0444231
HeadRightBend.Position = -0.035281 1.46846 0.185668
HeadRightBend.Direction = 0.0438744 0.0170471 -0.988763
HeadLeftTwist.Position = -0.035281 1.46846 0.185668
HeadLeftTwist.Direction = -0.147926 0.988943 0.0104863
RShoulderUp.Position = 0.130056 1.41485 0.163062
RShoulderUp.Direction = -0.0108892 0.99242 0.122412
LShoulderUp.Position = -0.19069 1.3883 0.179745
LShoulderUp.Direction = -0.0108892 0.99242 0.122412
RShoulderForward.Position = 0.130056 1.41485 0.163062
RShoulderForward.Direction = -0.0434153 -0.122773 0.991485
LShoulderForward.Position = -0.19069 1.3883 0.179745
LShoulderForward.Direction = -0.0434153 -0.122773 0.991485
RShoulderInward.Position = 0.130056 1.41485 0.163062
RShoulderInward.Direction = 0.998998 0.00548197 0.0444231
LShoulderInward.Position = -0.19069 1.3883 0.179745
LShoulderInward.Direction = -0.998998 -0.00548197 -0.0444231
RShoulderFlexion.Position = 0.130056 1.41485 0.163062
RShoulderFlexion.Direction = 0.998998 0.00548197 0.0444231
LShoulderFlexion.Position = -0.19069 1.3883 0.179745
LShoulderFlexion.Direction = 0.998998 0.00548197 0.0444231
RShoulderAbduction.Position = 0.130056 1.41485 0.163062
RShoulderAbduction.Direction = -0.0434153 -0.122773 0.991485
LShoulderAbduction.Position = -0.19069 1.3883 0.179745
LShoulderAbduction.Direction = 0.0434153 0.122773 -0.991485
RShoulderInternalRotation.Position = 0.130056 1.41485 0.163062
RShoulderInternalRotation.Direction = -0.0108892 0.99242 0.122412
LShoulderInternalRotation.Position = -0.19069 1.3883 0.179745
LShoulderInternalRotation.Direction = 0.0108892 -0.99242 -0.122412
RElbowFlexion.Position = 0.254375 1.12118 0.180185
RElbowFlexion.Direction = 0.92103 0.387739 -0.0369134
LElbowFlexion.Position = -0.275278 1.06339 0.204826
LElbowFlexion.Direction = 0.967836 -0.251516 0.00579309
RForeArmPronation.Position = 0.254375 1.12118 0.180185
RForeArmPronation.Direction = -0.423502 0.805376 0.414749
LForeArmPronation.Position = -0.275278 1.06339 0.204826
LForeArmPronation.Direction = -0.277483 -0.833474 -0.477833
RWristFlexion.Position = 0.36962 0.902014 0.0673217
RWristFlexion.Direction = -0.0117527 0.45291 -0.891479
LWristFlexion.Position = -0.351045 0.835804 0.074353
LWristFlexion.Direction = -0.0114147 0.50019 -0.865841
RHandAbduction.Position = 0.36962 0.902014 0.0673217
RHandAbduction.Direction = 0.905819 0.382417 0.182343
LHandAbduction.Position = -0.351045 0.835804 0.074353
LHandAbduction.Direction = -0.960663 0.234802 0.148308
RHipFlexion.Position = 0.128183 0.867171 0.053393
RHipFlexion.Direction = 0.997864 0.0639827 -0.0131552
LHipFlexion.Position = -0.112309 0.851751 0.0565635
LHipFlexion.Direction = 0.997864 0.0639827 -0.0131552
RHipAbduction.Position = 0.128183 0.867171 0.053393
RHipAbduction.Direction = 0.00585718 0.112468 0.991296
LHipAbduction.Position = -0.112309 0.851751 0.0565635
LHipAbduction.Direction = -0.00812823 -0.0781682 -0.996738
RHipInternalRotation.Position = 0.128183 0.867171 0.053393
RHipInternalRotation.Direction = 0.0031265 0.993618 -0.11275
LHipInternalRotation.Position = -0.112309 0.851751 0.0565635
LHipInternalRotation.Direction = 0.0464858 -0.995891 0.0777227
RKneeFlexion.Position = 0.127036 0.502449 0.0947796
RKneeFlexion.Direction = -0.990068 -0.0127716 -0.140005
LKneeFlexion.Position = -0.09557 0.493134 0.0845511
LKneeFlexion.Direction = -0.98948 -0.0352361 0.140313
RAnklePlantarFlexion.Position = 0.168746 0.100579 0.11698
RAnklePlantarFlexion.Direction = -0.97746 -0.11136 -0.179365
LAnklePlantarFlexion.Position = -0.13353 0.0891396 0.118999
LAnklePlantarFlexion.Direction = -0.984803 0.104369 0.138817
RFootPronation.Position = 0.168651 0.0878089 0.116156
RFootPronation.Direction = 0.273018 -0.71412 0.644588
LFootPronation.Position = -0.13338 0.0762551 0.11821
LFootPronation.Direction = 0.293831 0.712827 -0.636821
RToeFlexion.Position = 0.178235 0.0274708 0.0336564
RToeFlexion.Direction = -0.99981 0.00853515 -0.0175433
LToeFlexion.Position = -0.129035 0.026448 0.0322196
LToeFlexion.Direction = -0.999798 -0.010537 -0.017136

;Axis derive through functional calibration
[FunctionalAxes]
RHip.Origin = 0 0 0
LHip.Origin = 0 0 0
RKnee.Axis = 0 0 0
RKnee.Offset = 0 0 0
LKnee.Axis = 0 0 0
LKnee.Offset = 0 0 0

;Global position of markers 
[Markers]
RASIS = 0.171506 0.982937 -0.00226102
LASIS = -0.171506 0.960943 0.00226102
RLEK = 0.194496 0.49888 0.104825
LLEK = -0.1609 0.49015 0.0938708
RLM = 0.21021 0.0997691 0.124786
LLM = -0.176219 0.0882528 0.125403
RPSIS = 0.0483477 0.979274 0.192043
LPSIS = -0.0483477 0.972173 0.193172
XIPH = -0.00339362 1.16591 -0.0864167
RSHO = 0.130056 1.45685 0.163062
LSHO = -0.19069 1.4303 0.179745
RLEE = 0.292113 1.13667 0.181558
LLEE = -0.314409 1.07117 0.2097
RMEE = 0.216637 1.10568 0.178812
LMEE = -0.236147 1.0556 0.199952
RLW = 0.37559 0.889058 0.103097
LLW = -0.359114 0.821809 0.108957
RMW = 0.363651 0.91497 0.0315466
LMW = -0.342977 0.8498 0.0397494
C7 = -0.0145325 1.44846 0.170255
T10 = -0.012804 1.14166 0.210289
JN = -0.00733401 1.37576 0.0173442
THEAD = -0.0776789 1.7519 0.188673
RHEAD = 0.0359634 1.64832 0.17118
LHEAD = -0.153226 1.64987 0.167031
RMT2 = 0.17954 0.0612597 -0.0242798
LMT2 = -0.128409 0.0600696 -0.0258268
RHEE = 0.175532 0.0470111 0.197173
LHEE = -0.131943 0.0468272 0.189728
RMT5 = 0.241442 0.0462307 0.011853
LMT5 = -0.187645 0.0409253 0.00514472
RMEK = 0.0595755 0.506018 0.0847344
LMEK = -0.0302397 0.496118 0.0752313
RMM = 0.127281 0.10139 0.109173
LMM = -0.09084 0.0900265 0.112596
FHEAD = -0.103943 1.68365 0.0618021
RDELT = 0.238764 1.29075 0.175745
LDELT = -0.289752 1.2516 0.202023
RFRM = 0.345868 1.06437 0.122362
LFRM = -0.358291 0.999052 0.138649
RFIN = 0.420362 0.847471 0.0466632
LFIN = -0.406302 0.794323 0.0569997
RLTHI = 0.218002 0.716911 0.0748989
LLTHI = -0.192935 0.677333 0.0710675
RLSHA = 0.216036 0.30556 0.122808
LLSHA = -0.179183 0.299166 0.124533
